[gd_scene load_steps=5 format=3 uid="uid://dr1f55iu2kdq8"]

[ext_resource type="Material" uid="uid://camll6muihy5w" path="res://materiales/materialSillaNegra.tres" id="1_r1r5p"]
[ext_resource type="Material" uid="uid://by5mrb01706qv" path="res://materiales/maderaMesa.tres" id="2_lo14b"]

[sub_resource type="BoxMesh" id="BoxMesh_pnkf2"]
material = ExtResource("1_r1r5p")
size = Vector3(0.8, 0.08, 0.05)

[sub_resource type="BoxMesh" id="BoxMesh_vjci6"]
material = ExtResource("2_lo14b")
size = Vector3(1.8, 0.05, 0.8)

[node name="MesaProfe" type="Node3D"]

[node name="BarraIzquierda" type="MeshInstance3D" parent="."]
transform = Transform3D(-5.96046e-08, 0, 1, 0, 1, 0, -1, 0, -5.96046e-08, -0.9, 0, 0)
mesh = SubResource("BoxMesh_pnkf2")

[node name="BarraIzquierda2" type="MeshInstance3D" parent="."]
transform = Transform3D(-5.96046e-08, 0, 1, 0, 1, 0, -1, 0, -5.96046e-08, 0.870778, 0, 0)
mesh = SubResource("BoxMesh_pnkf2")

[node name="BarraIzquierda4" type="MeshInstance3D" parent="."]
transform = Transform3D(-5.96046e-08, 0, 1, 0.855328, -0.518087, 5.09815e-08, 0.518087, 0.855328, 3.08804e-08, 0.870778, 0.362137, 0.14923)
mesh = SubResource("BoxMesh_pnkf2")

[node name="BarraIzquierda3" type="MeshInstance3D" parent="."]
transform = Transform3D(-5.96046e-08, 0, 1, 0.82854, 0.559931, 4.93848e-08, -0.559931, 0.82854, -3.33745e-08, 0.870778, 0.360888, 0.132846)
mesh = SubResource("BoxMesh_pnkf2")

[node name="BarraIzquierda5" type="MeshInstance3D" parent="."]
transform = Transform3D(-5.96046e-08, 0, 1, 0.855328, -0.518087, 5.09815e-08, 0.518087, 0.855328, 3.08804e-08, -0.870208, 0.362137, 0.14923)
mesh = SubResource("BoxMesh_pnkf2")

[node name="BarraIzquierda6" type="MeshInstance3D" parent="."]
transform = Transform3D(-5.96046e-08, 0, 1, 0.82854, 0.559931, 4.93848e-08, -0.559931, 0.82854, -3.33745e-08, -0.870208, 0.360888, 0.132846)
mesh = SubResource("BoxMesh_pnkf2")

[node name="Madera" type="MeshInstance3D" parent="."]
transform = Transform3D(1, 0, 0, 0, 1, 0, 0, 0, 1, 0, 0.7, 0)
mesh = SubResource("BoxMesh_vjci6")
